0.130541
0.242599
0.136318
0.137473
0.338483
0.173285
0.134007
0.130541
0.153645
0.112057
0.146715
0.138628
0.075667
0.076823
0.062769
0.094746
0.124354
0.059809
0.155739
0.121986
0.044412
0.053887
0.063954
0.105997
0.048557
0.092082
0.037307
0.039675
0.083105
0.103541
0.085375
0.084921
0.095821
0.061761
0.08038
0.046321
0.027701
0.056765
0.121705
0.1376
0.187099
0.151021
0.211629
0.070543
0.066568
0.057626
0.075511
0.038749
0.116247
0.048684
0.088427
0.221564
0.152015
0.213616
0.082716
0.081239
0.147708
0.084193
0.124074
0.141799
0.114855
0.082159
0.124915
0.089704
0.101441
0.170186
0.093245
0.1097

