0.05526
0.158043
0.164674
0.133729
0.103888
0.118255
0.058575
0.17462
0.148096
0.130717
0.051107
0.091404
0.084523
0.114991
0.128751
0.164134
0.052091
0.173961
0.187721
0.229802
0.119564
0.090734
0.124652
0.100909
0.099214
0.122957
0.165639
0.079807
0.103147
0.103147
0.105406
0.149074
0.09336
0.136487
0.092221
0.071932
0.11251
0.121732
0.086687
0.121731
0.07931
0.247152
0.047955
0.130954
0.044266
0.175219
0.162997
0.066445
0.066964
0.07475
0.102782
0.089285
0.1386
0.030108
0.110568
0.137562
0.115241
0.051651
0.136523
0.134728
0.092385
0.080836
0.057741
0.034644
0.06159
0.207866
0.082762
0.155899
0.102008
0.136653
0.086611
0.128954
0.165238

