0.39971
0.427435
0.287652
0.346569
0.608806
0.291118
0.228736
0.271479
0.322309
0.15018
0.2761
0.316533
0.222956
0.286607
0.239235
0.288976
0.313847
0.460704
0.226799
0.211402
0.215548
0.288976
0.198967
0.324506
0.290161
0.212001
0.319703
0.268842
0.176654
0.149861
0.15304
0.140325
0.169388
0.137259
0.167004
0.34241
0.280649
0.394178
0.444122
0.355696
0.116247
0.114259
0.130157
0.142079
0.099357
0.164931
0.189771
0.392457
0.25932
0.449083
0.341944
0.182419
0.147708
0.161741
0.271044
0.389957
0.3672
0.180246
0.124915
0.140006
0.245638
0.330308
0.348298
0.250481
0.40132
0.271507
0.187405
0.209344
0.105129
0.270599
0.285416
0.291069
0.335341
0.259041
0.121514
0.173322
0.163902
0.245849
0.19167
0.229793
0.126015
0.072008
0.186376
0.394989
0.078362
0.132369
0.194582
0.330658
0.167314
0.255207
0.17155
0.438399
0.190731
0.200539
0.170023
0.09591
0.225607
0.250674
0.123158
0.150404
0.112259
0.19836
0.370562
0.298629
0.154764
0.165672
0.312769
0.205566
0.28293
0.31719
0.22988
0.269667
0.335978
0.14257
0.236511
0.38571
0.28109
0.171996
0.318438
0.19067
0.228017
0.210327
0.285021
0.090421
0.267331
0.349894
0.413813
0.162811
0.130589
0.228953
0.164084
0.118293
0.268808
0.409578
0.121217
0.141545
0.188978
0.158109
0.176179
0.191227
0.293262
0.197353
0.134642
0.22133
0.252685
0.132798
0.228708
0.145709
0.328306
0.202886
0.383638
0.156776
0.455563
0.370638
0.114202
0.117316
0.203487
0.207641
0.127698
0.175456
0.068521
0.199335
0.242939
0.326773
0.150799
0.282383
0.134728
0.190544
0.1482
0.198243
0.161673
0.202092
0.392636
0.175146
0.227113
0.204016
0.171297
0.319497
0.257898
0.165238
0.200229
0.114694
0.134134
0.225501
0.227445
0.174958
0.299371
0.166089
0.168275
0.225501
0.304231
0.222584
0.42286
0.205072
0.15738
0.085844
0.195433
0.136714
0.270249
0.357681
0.254351
0.203818
0.161707
0.074116
0.188658
0.114542
0.200449
0.416067
